NO INTERFERENCE

RUN 1
#type       avg     std     min      p5     p10     p50     p67     p75     p80     p85     p90     p95     p99    p999   p9999     QPS   target
read      268.5   136.2   101.3   174.4   190.2   254.4   280.9   297.7   313.1   330.1   349.7   380.6   470.9  1922.8  7268.4   4959.8     5000
read      288.6   113.6    86.8   169.7   195.3   276.0   313.5   335.0   349.0   366.0   387.6   422.2   510.0  1194.8  5554.0   9933.8    10000
read      329.1   213.0    86.8   167.4   201.6   318.5   362.1   384.3   400.0   420.5   447.0   492.6   624.8  1708.3  9042.1  14987.0    15000
read      331.4   138.3    86.8   159.2   188.2   323.8   373.2   399.2   418.7   441.0   471.2   517.7   663.6  1324.4  3136.2  20007.4    20000
read      347.9   157.1    86.8   157.8   185.3   336.4   395.8   428.2   451.8   478.6   512.3   570.7   727.3  1307.0  4339.3  25069.0    25000
read      361.0   163.5    80.4   156.7   183.0   345.0   412.5   450.0   476.5   506.5   545.6   627.4   793.2  1223.2  3843.0  30063.4    30000
read      378.6   379.5    74.4   153.2   181.6   358.2   431.4   472.2   500.2   533.4   581.2   672.8   845.0  1860.2  6334.8  35056.0    35000
read      387.7   189.9    80.4   153.8   181.7   364.2   445.9   490.5   521.5   558.9   619.4   709.8   884.9  1304.4  3969.7  40052.8    40000
read      529.4   393.8    80.4   168.5   210.1   446.6   561.2   646.2   715.5   802.4   937.6  1141.1  1788.1  4551.5  8050.3  45123.2    45000
read     1383.9   808.9    93.8   868.9  1031.7  1242.7  1333.3  1391.9  1458.3  1545.3  1713.6  2365.7  7201.9  8118.1 10151.7  48401.4    50000
read     1462.2   825.5   109.4  1060.7  1110.6  1272.5  1367.3  1439.4  1494.3  1589.9  1785.3  2458.1  7469.8  8131.4 10815.6  47422.6    55000
read     1497.4   853.1   255.0  1108.5  1140.3  1304.0  1383.9  1459.0  1516.3  1605.6  1773.9  2501.2  7588.7  8229.1 10617.9  46653.5    60000
read     1477.2   829.7   137.8  1103.1  1129.9  1282.9  1373.0  1444.8  1498.5  1590.7  1743.5  2477.9  7544.8  8130.7 10541.0  47084.4    65000
read     1520.1   863.5   255.0  1111.4  1147.4  1326.3  1419.8  1488.3  1555.5  1639.8  1824.0  2535.7  7590.2  9286.7 12151.0  45988.8    70000
read     1463.1   835.4   255.0  1072.0  1115.0  1271.9  1361.4  1426.9  1482.7  1573.0  1772.3  2467.1  7482.5  9193.4 12348.4  47558.4    75000
read     1501.3   862.5   148.8  1104.1  1133.7  1306.1  1394.7  1476.2  1542.5  1621.7  1796.8  2500.8  7577.9  9171.5 11799.3  46525.1    80000
Warning! Detected max cpu usage > 95%
CPU Usage Stats (avg/min/max): 67.58%,0.51%,100.00%

RUN 2
#type       avg     std     min      p5     p10     p50     p67     p75     p80     p85     p90     p95     p99    p999   p9999     QPS   target
read      274.7   131.4    93.8   178.1   195.0   262.5   291.2   309.6   322.9   338.9   358.2   386.9   467.2  1602.4  5036.9   4969.8     5000
read      290.7   122.3    93.8   171.9   197.5   279.4   317.5   338.9   353.2   368.7   389.1   421.0   500.1   772.1  5763.0   9981.8    10000
read      312.0   114.5    86.8   162.4   191.7   302.2   348.7   370.9   387.2   404.4   430.8   472.4   570.9  1396.2  3034.0  14966.0    15000
read      336.1   139.9    86.8   160.7   189.1   329.0   380.5   406.7   427.0   450.6   480.5   529.1   667.7  1140.3  3687.9  20113.8    20000
read      356.5   156.7    86.8   159.0   189.4   347.2   404.3   435.8   459.5   486.9   521.8   583.4   741.9  1456.3  3922.8  24986.8    25000
read      373.3   226.0    80.4   152.0   180.5   352.0   419.2   457.4   485.0   516.1   556.5   639.8   872.7  2765.5  7297.2  29994.2    30000
read      384.3   180.3    80.4   152.7   182.8   365.3   438.3   480.7   509.0   543.4   600.6   690.0   854.5  1566.7  3077.5  35044.0    35000
read      406.1   209.6    80.4   156.0   185.7   377.8   461.6   507.2   541.5   589.5   660.6   749.2   979.3  1690.8  5929.5  39914.8    40000
read      552.7   389.8    80.4   175.4   220.2   469.3   594.4   687.6   754.6   847.5   979.6  1187.1  1800.3  3080.2  8054.3  44773.1    45000
read     1449.3   861.6   101.3  1051.4  1110.5  1268.5  1363.2  1437.3  1496.3  1590.0  1741.5  2434.4  7547.7  9556.3 12853.1  47441.2    50000
read     1503.4   902.3   255.0  1108.9  1141.0  1308.8  1390.3  1465.4  1525.3  1612.4  1793.4  2505.2  7610.1  8857.3 11019.4  46492.6    55000
read     1533.5   866.8   127.6  1114.6  1152.3  1333.7  1441.9  1524.6  1591.1  1678.4  1832.4  2539.3  7599.7  8824.9 12461.4  45547.0    60000
read     1498.9   844.5   236.1  1105.7  1138.7  1312.6  1404.1  1473.6  1531.9  1607.6  1754.6  2498.1  7575.5  8360.7 10803.8  46481.4    65000
read     1472.1   867.6   118.1  1075.0  1116.7  1276.3  1369.0  1440.6  1495.0  1589.1  1778.5  2471.2  7555.2  8134.8 10650.9  47388.0    70000
read     1526.5   874.8   127.6  1122.0  1163.1  1329.5  1416.6  1485.2  1551.9  1635.8  1800.0  2544.3  7632.7  9001.3 11086.7  45878.4    75000
read     1536.5   874.5   275.4  1122.1  1165.9  1337.5  1434.5  1504.1  1574.0  1662.2  1823.5  2551.9  7629.0  8391.3 10588.7  45631.2    80000
Warning! Detected max cpu usage > 95%
CPU Usage Stats (avg/min/max): 67.31%,0.50%,100.00%

RUN 3
#type       avg     std     min      p5     p10     p50     p67     p75     p80     p85     p90     p95     p99    p999   p9999     QPS   target
read      287.9   161.9    86.8   187.3   204.5   271.8   303.3   323.6   338.2   354.6   373.5   404.1   510.0  1978.4  7841.5   4987.4     5000
read      305.2   153.6    93.8   177.8   204.0   291.1   330.7   351.3   366.3   383.5   403.6   438.5   538.5  1885.6  7312.3  10011.4    10000
read      325.7   145.7    80.4   167.5   198.6   316.9   362.5   385.3   400.9   421.8   449.2   497.5   617.2  1284.9  7306.0  14949.6    15000
read      352.2   221.6    86.8   163.7   196.2   344.8   395.5   423.2   443.6   469.1   503.9   554.6   709.3  1588.4  7203.9  19952.8    20000
read      367.7   159.4    80.4   160.2   192.6   358.6   417.1   451.1   476.2   505.8   541.7   599.2   765.5  1379.8  3177.5  24913.8    25000
read      371.8   164.8    80.4   159.7   189.1   356.7   422.5   461.0   489.0   520.6   560.5   642.5   798.1  1608.4  2935.8  30112.8    30000
read      393.3   180.2    80.4   158.2   190.4   374.8   449.9   493.2   523.2   557.6   611.1   704.0   855.4  1269.5  4272.3  35069.8    35000
read      519.9   615.1    80.4   165.9   205.5   430.0   535.3   601.8   667.5   747.9   868.8  1127.6  2054.4  5655.0  8111.0  39886.8    40000
read      626.3   481.4    86.8   185.0   233.7   520.7   690.4   799.1   877.9   982.8  1116.6  1355.9  1984.3  7315.3  8391.8  44895.2    45000
read     1486.7   847.7   101.3  1066.7  1117.9  1296.5  1395.0  1474.5  1541.5  1628.5  1837.7  2495.4  7558.1  8598.8 10428.2  46446.6    50000
read     1504.7   847.5   255.0  1104.9  1138.1  1316.1  1406.6  1477.7  1537.9  1610.4  1781.2  2520.7  7578.0  8131.3 12211.2  46296.0    55000
read     1502.8   844.9   297.4  1103.2  1134.6  1312.5  1401.8  1473.7  1538.1  1628.5  1813.2  2513.6  7571.8  8137.9 10985.3  46357.6    60000
read     1523.4   858.0   236.1  1111.7  1149.8  1328.2  1428.0  1499.2  1568.3  1651.0  1809.6  2536.6  7601.3  8136.8 10550.4  45847.6    65000
read     1518.7   858.8   118.1  1105.1  1138.5  1324.7  1424.1  1493.9  1563.7  1650.7  1836.7  2540.0  7589.5  8233.3 10850.1  45983.8    70000
read     1509.2   873.7   297.4  1109.0  1143.2  1316.8  1403.5  1472.8  1530.8  1607.6  1763.6  2517.9  7601.1  9249.6 12787.7  46430.0    75000
read     1519.6   867.3   275.4  1105.1  1138.0  1324.1  1425.1  1492.7  1558.0  1635.9  1839.6  2549.7  7599.0  9065.4 11566.6  45974.4    80000
Warning! Detected max cpu usage > 95%
CPU Usage Stats (avg/min/max): 68.08%,0.50%,100.00%


WITH INTERFERENCE
cpu

RUN 1
#type       avg     std     min      p5     p10     p50     p67     p75     p80     p85     p90     p95     p99    p999   p9999     QPS   target
read      351.3   489.8    93.8   154.8   169.4   236.5   271.2   295.5   320.9   371.0   513.8  1231.0  2179.0  7646.1  9136.1   5016.4     5000
read      439.3   575.2    86.8   157.2   177.8   269.9   323.3   376.6   440.1   558.4   864.0  1492.1  2480.0  7720.2  9192.1  10000.4    10000
read      537.8   644.0    86.8   153.8   180.8   316.6   416.2   523.4   644.3   846.1  1446.9  1620.1  2530.4  7807.0  9298.6  14988.4    15000
read      605.5   604.8    86.8   157.0   189.2   383.4   535.6   689.0   810.5  1388.4  1507.9  1659.7  2516.6  7403.8  8781.5  20080.8    20000
read     2949.2  1544.0    93.8  1070.4  1170.0  3227.7  3401.5  3482.6  3595.7  3720.8  4109.4  5524.3  8006.1 10046.3 13497.2  23622.4    25000
read     2935.1  1526.0   101.3  1107.6  1183.5  3196.6  3368.7  3445.9  3502.2  3662.0  4058.0  5506.5  8003.3  9916.7 13189.8  24288.4    30000
read     2960.2  1514.8   118.1  1133.7  1203.5  3205.5  3372.3  3448.0  3506.3  3669.3  4150.3  5534.6  8013.7 10005.1 12801.3  24153.8    35000
read     3037.4  1541.6   127.6  1164.5  1233.5  3255.1  3404.3  3474.5  3580.9  3723.9  4206.8  5985.4  8032.8 10246.4 14901.1  23621.4    40000
read     2993.7  1519.3   187.4  1139.2  1211.3  3236.4  3392.7  3466.3  3554.3  3690.1  4045.3  5469.9  8030.1 11762.7 15376.5  23864.2    45000
read     2835.9  1546.7   127.6  1050.5  1115.1  3106.8  3276.3  3398.8  3475.3  3663.9  4141.9  5361.0  8026.1 10223.9 13915.0  25186.0    50000
read     2962.2  1506.2   404.6  1140.0  1207.3  3202.7  3374.6  3452.6  3525.5  3684.9  4182.4  5505.6  8005.2  9984.9 12910.2  24105.8    55000
read     2903.2  1525.7   297.4  1114.3  1176.8  3155.6  3337.7  3424.8  3479.3  3643.2  4118.8  5419.9  8022.2 10427.3 13927.0  24597.2    60000
read     2921.5  1539.3   202.4  1101.9  1165.9  3169.9  3355.3  3442.0  3507.8  3678.0  4085.3  5430.9  8018.2 12210.9 15004.8  24410.2    65000
read     2989.7  1546.5   218.6  1142.1  1209.8  3224.7  3386.6  3461.9  3546.4  3690.5  4183.8  5776.3  8018.1  9996.5 14605.5  23883.2    70000
read     2953.1  1523.0   255.0  1130.2  1197.0  3184.6  3362.5  3443.9  3505.1  3688.3  4187.6  5738.7  8004.4  9911.0 13378.0  24160.2    75000
read     3050.1  1521.4   160.7  1161.4  1229.9  3265.1  3417.2  3488.8  3606.9  3728.3  4221.7  6069.3  8019.8 10012.0 13459.4  23479.0    80000
Warning! Detected max cpu usage > 95%
CPU Usage Stats (avg/min/max): 67.88%,1.00%,100.00%

RUN 2
#type       avg     std     min      p5     p10     p50     p67     p75     p80     p85     p90     p95     p99    p999   p9999     QPS   target
read      421.0   703.2    93.8   156.2   170.7   240.5   277.6   309.2   346.4   434.1   605.7  1489.3  2535.3  8006.3  9972.9   4950.0     5000
read      486.4   668.8    93.8   157.5   179.0   274.4   337.2   405.8   504.7   638.0  1411.2  1573.2  2522.3  7880.0  9681.1  10024.0    10000
read      579.3  1130.2    86.8   160.5   189.0   340.0   458.1   582.7   713.6  1037.3  1493.6  1673.1  2550.0  7718.0  9419.2  14958.6    15000
read      626.1   625.7    80.4   159.3   193.6   395.8   563.9   718.8   851.2  1408.1  1526.6  1687.6  2525.3  7519.6  8945.0  20039.0    20000
read     2913.8  1553.7   101.3  1066.6  1168.9  3211.5  3387.0  3466.9  3561.7  3697.4  4051.2  5530.7  7999.4 10092.0 14562.1  23716.8    25000
read     2959.9  1517.6   160.7  1125.3  1197.9  3198.2  3374.9  3455.5  3537.0  3691.5  4162.5  5572.1  8002.4  9918.8 13429.5  24080.2    30000
read     3041.4  1523.8   127.6  1160.3  1229.7  3266.2  3417.7  3489.0  3598.9  3711.6  4144.1  5961.3  8028.1 10194.3 14088.1  23508.0    35000
read     2975.8  1527.8   101.3  1126.5  1196.9  3207.8  3384.2  3465.0  3561.7  3706.7  4192.2  5714.0  8015.5  9961.3 12815.1  24000.8    40000
read     3066.7  1516.3   160.7  1178.5  1244.3  3282.6  3429.0  3508.6  3617.0  3725.5  4162.4  5931.5  8028.8  9975.9 13316.6  23345.0    45000
read     2972.5  1532.2   109.4  1124.8  1197.7  3197.0  3374.4  3455.6  3541.1  3705.2  4219.2  5760.7  8013.8 10123.9 15867.6  24013.0    50000
read     2932.0  1512.0   148.8  1121.2  1184.6  3175.9  3355.5  3438.9  3491.8  3666.2  4148.5  5460.7  7994.8  9905.2 12767.6  24338.6    55000
read     2946.5  1531.7   236.1  1132.6  1198.8  3181.9  3359.6  3441.0  3494.8  3666.1  4164.2  5636.5  8018.1 10170.1 14182.6  24233.2    60000
read     3065.1  1519.3   127.6  1167.4  1234.7  3282.3  3431.4  3517.1  3623.8  3730.5  4124.0  6058.0  8025.2 10202.9 13757.5  23337.0    65000
read     2928.8  1515.6   118.1  1124.3  1192.0  3179.1  3352.9  3431.0  3479.8  3643.8  4138.9  5473.6  8005.7 10128.2 14235.2  24411.0    70000
read     3017.6  1518.2   218.6  1134.5  1212.3  3245.9  3412.4  3490.7  3611.0  3731.4  4171.4  5826.3  8015.8 10012.1 13725.1  23635.6    75000
read     2990.9  1511.1   218.6  1142.9  1212.9  3232.0  3391.2  3466.1  3556.3  3694.7  4130.2  5648.6  7999.6  9877.5 15163.4  23876.4    80000
Warning! Detected max cpu usage > 95%
CPU Usage Stats (avg/min/max): 67.74%,1.01%,100.00%

RUN 3
#type       avg     std     min      p5     p10     p50     p67     p75     p80     p85     p90     p95     p99    p999   p9999     QPS   target
read      420.0   747.8    93.8   152.4   166.4   232.6   268.7   294.9   326.2   411.7   597.8  1502.3  2543.5  8023.3 10066.4   4983.0     5000
read      491.8   667.7    86.8   154.5   179.2   278.8   346.7   413.5   504.2   645.6  1412.8  1576.1  2529.8  7893.0  9137.0  10055.8    10000
read      548.4   640.2    80.4   152.2   181.0   325.4   427.8   534.7   655.1   883.8  1462.4  1643.1  2537.0  7758.7  9872.0  15022.2    15000
read      637.3   659.5    80.4   158.5   189.5   394.7   570.7   734.1   878.1  1420.4  1537.7  1716.2  2558.9  7644.8 10125.4  20016.4    20000
read     1217.4  1227.4    86.8   190.9   243.6   752.6  1365.3  1597.7  1873.1  2532.6  2980.1  3377.8  7029.0  8128.2 10247.9  24749.8    25000
read     3054.8  1506.5   109.4  1174.3  1243.2  3282.3  3422.2  3488.1  3595.4  3707.3  4105.6  5963.1  8017.0 10028.7 13389.2  23418.2    30000
read     2997.2  1522.9   137.8  1145.7  1215.5  3239.5  3395.2  3468.5  3560.0  3694.3  4071.5  5775.5  8022.5 10097.5 13967.9  23797.6    35000
read     2984.4  1523.1   118.1  1138.6  1208.5  3221.5  3383.5  3458.3  3537.4  3689.5  4166.6  5793.0  8013.9 10063.6 14368.9  23980.6    40000
read     2914.7  1520.7   255.0  1104.0  1173.9  3167.2  3352.1  3438.0  3493.7  3672.3  4120.2  5470.6  8005.1 10158.9 14390.1  24467.8    45000
read     3000.3  1524.3   202.4  1142.1  1209.6  3225.1  3396.4  3476.3  3581.2  3708.5  4156.0  5722.4  8019.5 10100.1 14721.1  23861.6    50000
read     3004.3  1499.0   137.8  1166.2  1227.0  3247.0  3399.0  3470.6  3565.3  3701.1  4113.9  5535.4  8006.0 10028.1 13061.1  23751.0    55000
read     2871.1  1536.9   160.7  1110.2  1165.6  3133.5  3306.7  3399.7  3457.8  3594.0  4110.4  5430.5  8005.7  9966.5 12440.6  24902.8    60000
read     3004.9  1506.7   187.4  1171.1  1232.1  3247.6  3391.2  3458.8  3527.2  3677.2  4119.8  5546.5  8013.6 10140.8 13041.9  23802.8    65000
read     2976.6  1520.8   109.4  1140.4  1210.9  3220.7  3380.6  3454.2  3522.7  3678.1  4143.3  5755.5  8010.9 10120.0 14317.0  24044.0    70000
read     2979.0  1519.3   127.6  1143.1  1208.8  3218.9  3383.0  3458.8  3536.0  3675.4  4129.4  5696.9  8013.7 10108.3 13775.2  24019.4    75000
read     2997.0  1525.9   346.9  1153.3  1220.1  3235.1  3388.3  3460.4  3542.0  3699.5  4219.0  5832.4  8010.9 10250.7 14234.7  23857.0    80000
Warning! Detected max cpu usage > 95%
CPU Usage Stats (avg/min/max): 67.17%,1.01%,100.00%


l1d

RUN 1
#type       avg     std     min      p5     p10     p50     p67     p75     p80     p85     p90     p95     p99    p999   p9999     QPS   target
read      272.4   117.9   101.3   173.7   189.9   261.9   291.8   310.5   324.1   341.0   362.1   393.8   478.4  1021.3  4576.3   4982.6     5000
read      301.4   131.9    93.8   169.5   196.2   289.1   329.8   350.7   365.6   383.3   405.7   448.7   552.8  1628.1  4939.8   9992.8    10000
read      315.1   122.5    86.8   158.8   186.7   308.1   354.0   376.5   393.6   413.4   439.6   488.1   591.6   862.6  3190.4  15045.8    15000
read      343.4   290.5    86.8   159.7   186.0   334.4   386.3   414.3   435.0   461.9   497.0   549.9   719.2  1452.3  2580.8  19853.4    20000
read      370.0   167.5    86.8   156.8   184.7   358.6   418.3   453.6   479.7   511.2   550.4   619.6   820.2  1713.0  4034.4  24985.8    25000
read      387.6   177.1    86.8   156.2   185.0   372.0   441.0   483.3   513.1   546.3   589.4   678.6   880.4  1343.5  3821.0  29971.8    30000
read      716.8   711.0    80.4   172.6   215.7   484.7   676.6   880.9  1075.3  1311.5  1566.0  1863.4  2891.2  7963.3  9766.0  34931.2    35000
read     1946.8  1083.6    93.8  1112.6  1304.5  1798.0  1946.5  2028.8  2112.0  2201.9  2369.2  3241.4  7849.8  9209.1 12318.1  35497.2    40000
read     2009.3  1068.2   187.4  1304.2  1398.7  1802.7  1940.9  2021.9  2104.1  2199.4  2390.9  3318.3  7876.4  9517.2 14049.9  35458.0    45000
read     2021.3  1064.0   255.0  1305.0  1404.6  1821.8  1960.1  2034.1  2118.3  2209.7  2389.7  3348.8  7863.3  9151.7 11284.4  35231.6    50000
read     2008.6  1073.4   127.6  1289.4  1386.4  1806.2  1949.7  2031.8  2115.9  2207.4  2389.2  3337.1  7878.0  9745.0 14008.4  35467.7    55000
read     2000.6  1065.3   127.6  1271.6  1373.5  1800.0  1943.6  2024.1  2105.8  2198.1  2374.6  3305.6  7876.1  9533.6 12097.2  35668.4    60000
read     2018.3  1072.2   346.9  1282.7  1377.9  1818.8  1963.8  2043.5  2127.4  2222.2  2401.5  3336.1  7882.0  9592.9 13350.5  35378.6    65000
read     1973.1  1090.9   275.4  1250.1  1349.2  1770.4  1906.6  1997.3  2069.1  2175.6  2371.6  3270.7  7870.3 10139.2 15758.8  36126.2    70000
read     1966.3  1071.9   173.5  1252.5  1348.2  1771.4  1898.9  1986.8  2046.7  2157.8  2349.5  3258.2  7873.5 10080.7 14845.3  36256.4    75000
read     2035.3  1077.8   297.4  1295.1  1391.8  1825.0  1977.4  2072.0  2153.7  2265.1  2461.8  3386.3  7884.3  9653.7 12858.8  35072.6    80000
Warning! Detected max cpu usage > 95%
CPU Usage Stats (avg/min/max): 67.84%,0.50%,100.00%

RUN 2
#type       avg     std     min      p5     p10     p50     p67     p75     p80     p85     p90     p95     p99    p999   p9999     QPS   target
read      288.6   150.9   101.3   181.0   199.8   277.6   309.1   327.7   342.5   360.9   383.1   416.2   506.5  1314.0  8476.8   4962.8     5000
read      314.8   124.4    93.8   174.1   204.0   302.0   343.3   367.0   383.8   402.4   428.9   471.1   593.9  1537.3  3172.4   9996.4    10000
read      332.1   115.3    93.8   164.7   196.8   321.2   372.4   397.8   416.9   438.5   469.0   519.4   631.3   943.3  2158.5  15013.4    15000
read      359.8   185.4    86.8   163.2   194.1   349.2   403.0   432.8   455.9   483.8   521.8   580.3   760.1  1124.9  7457.8  19966.4    20000
read      374.2   185.8    93.8   164.1   192.3   357.3   420.2   455.4   481.9   513.9   554.6   627.8   849.3  2064.0  5768.4  24966.4    25000
read      417.8   264.0    86.8   166.6   196.0   379.0   456.9   502.9   536.9   578.2   642.7   783.5  1290.1  3011.8  7746.2  29980.2    30000
read      695.3   723.8    86.8   174.4   217.1   470.2   618.3   776.6   962.5  1270.7  1544.7  1837.0  3009.1  7994.3  9587.5  35028.4    35000
read     2008.3  1072.4    93.8  1288.5  1393.3  1818.1  1960.0  2035.6  2117.6  2201.4  2376.4  3328.9  7878.3  9395.7 12577.1  35204.4    40000
read     2041.2  1070.6   236.1  1303.2  1404.1  1837.1  1984.6  2073.4  2150.9  2254.3  2439.6  3406.1  7880.2  9856.1 12826.0  34883.6    45000
read     2080.1  1097.2   218.6  1287.3  1394.1  1850.4  2028.8  2149.1  2241.8  2363.8  2635.2  3445.6  7887.3  9512.2 13298.3  34298.6    50000
read     1922.3  1049.5   297.4  1212.4  1308.9  1724.3  1864.3  1957.3  2023.3  2133.2  2324.4  3159.6  7853.5  9332.8 12742.5  37072.6    55000
read     2015.2  1057.3   218.6  1286.6  1386.6  1819.3  1962.1  2042.0  2123.7  2210.9  2374.2  3350.0  7863.3  9568.7 12638.6  35328.4    60000
read     2029.7  1069.8   137.8  1290.8  1394.1  1826.4  1968.4  2048.6  2131.4  2229.1  2423.6  3368.3  7879.5  9412.0 12177.2  35159.8    65000
read     2053.1  1070.4   404.6  1308.1  1413.4  1845.1  1998.1  2095.9  2171.6  2282.9  2466.1  3392.8  7880.4  9435.6 12187.0  34758.6    70000
read     2037.3  1066.9   437.0  1308.9  1410.9  1829.4  1976.2  2063.5  2144.7  2249.2  2437.6  3348.8  7882.1  9374.7 11514.8  35021.2    75000
read     2074.9  1081.4   275.4  1311.4  1417.5  1859.2  2014.4  2121.8  2197.1  2318.6  2513.0  3418.9  7890.7  9342.7 12113.5  34449.0    80000
Warning! Detected max cpu usage > 95%
CPU Usage Stats (avg/min/max): 67.64%,1.51%,100.00%

RUN 3
#type       avg     std     min      p5     p10     p50     p67     p75     p80     p85     p90     p95     p99    p999   p9999     QPS   target
read      279.5   116.2   101.3   178.2   195.7   269.6   299.5   317.0   330.8   346.5   369.8   404.1   488.4   999.5  7070.5   5006.2     5000
read      307.2   119.2    80.4   173.3   198.8   296.4   334.3   358.3   374.2   394.5   420.9   463.6   578.2  1057.8  3868.7  10036.6    10000
read      330.7   137.6    86.8   165.0   194.9   318.7   368.5   393.6   411.2   432.5   462.6   512.1   637.4  1455.3  3997.4  14950.8    15000
read      387.6   374.6    80.4   160.8   190.8   343.0   399.6   429.8   453.1   481.8   523.7   597.5  1917.6  5141.4  8105.4  19940.0    20000
read      371.0   173.8    86.8   160.0   188.5   355.8   419.6   454.8   480.5   511.9   551.2   626.3   826.5  1614.5  4659.8  25077.4    25000
read      404.3   299.7    86.8   161.1   188.6   365.0   436.8   480.2   511.9   547.8   601.7   732.0  1289.5  4307.1  7939.1  29905.1    30000
read     1096.5  1011.9    86.8   199.7   256.4   838.8  1405.9  1595.0  1707.5  1832.0  1995.3  2351.3  6894.8  8117.0 12102.1  35010.2    35000
read     1945.9  1047.3    93.8  1246.0  1346.1  1750.2  1878.8  1973.0  2034.6  2156.2  2357.9  3247.8  7846.0  9404.3 12388.2  36267.4    40000
read     2052.0  1075.8   404.6  1295.5  1400.3  1842.5  1998.1  2098.7  2175.4  2291.4  2494.2  3376.3  7880.5  9515.9 12816.3  34703.4    45000
read     1970.5  1051.9   173.5  1256.2  1354.0  1776.5  1902.6  1990.5  2054.3  2166.5  2365.5  3255.6  7860.9  9404.7 12743.8  36112.4    50000
read     2047.6  1077.0   173.5  1308.0  1409.4  1845.8  1988.8  2076.1  2154.1  2261.0  2448.0  3349.1  7889.1  9491.2 12877.4  34882.6    55000
read     1924.9  1067.7   297.4  1204.3  1306.2  1716.1  1864.0  1966.9  2041.0  2166.4  2363.7  3135.5  7860.8  9984.1 14872.1  36942.4    60000
read     2018.0  1093.5   160.7  1296.6  1392.6  1817.8  1958.2  2034.1  2119.1  2213.7  2418.3  3311.5  7876.6 10001.0 14798.9  35279.6    65000
read     1978.8  1054.9   275.4  1267.0  1365.6  1781.2  1915.0  2000.0  2068.5  2171.5  2357.2  3276.3  7869.0  9473.3 12522.4  35982.4    70000
read     2039.2  1099.6   236.1  1298.0  1402.1  1833.3  1979.7  2065.8  2143.3  2243.0  2437.7  3367.5  7894.3 10172.4 15039.9  35058.6    75000
read     2197.8  1144.0   127.6  1334.6  1456.2  1945.2  2149.5  2286.0  2390.3  2550.4  2869.9  3710.5  7916.4  9835.7 14271.6  32531.6    80000
Warning! Detected max cpu usage > 95%
CPU Usage Stats (avg/min/max): 67.44%,0.50%,100.00%


l1i

RUN 1
#type       avg     std     min      p5     p10     p50     p67     p75     p80     p85     p90     p95     p99    p999   p9999     QPS   target
read      474.1   789.7    86.8   169.8   186.6   261.6   300.1   330.6   367.3   515.9  1083.0  1593.7  2564.5  8043.3 11504.5   5026.4     5000
read      518.7   705.0    86.8   165.9   189.4   292.5   352.3   437.6   550.3   691.7  1458.6  1657.4  2557.3  7943.3 13936.4  10073.4    10000
read      560.8   630.9    86.8   160.6   191.8   341.2   450.6   558.9   672.2   869.2  1505.0  1670.5  2583.3  7782.3  9343.1  14994.0    15000
read      639.9   633.8    80.4   163.6   199.4   407.7   576.3   746.2   869.2  1424.9  1565.8  1720.6  2560.9  7602.7  8133.4  19953.2    20000
read     2950.1  1570.1    93.8  1102.9  1195.9  3263.6  3405.3  3472.0  3567.2  3706.0  4130.0  5635.9  8007.5 10388.7 19463.6  23438.8    25000
read     3003.9  1510.4   109.4  1139.2  1211.0  3272.5  3402.1  3463.0  3532.1  3684.2  4154.7  5771.7  7999.0  9872.8 13444.7  23715.2    30000
read     3009.6  1520.4   127.6  1133.7  1203.1  3259.2  3408.5  3478.7  3590.6  3728.1  4199.7  5765.3  8015.8 10164.5 13167.3  23672.6    35000
read     3051.5  1518.8   321.2  1152.9  1223.7  3286.2  3420.2  3483.3  3599.9  3734.6  4228.1  5885.6  8010.7 10083.2 14624.0  23436.0    40000
read     3122.2  1524.4   118.1  1208.2  1276.2  3327.9  3445.4  3519.9  3620.6  3721.3  4087.9  6464.6  8025.0 10027.8 14010.2  23013.8    45000
read     3038.9  1535.6   321.2  1151.4  1224.3  3268.7  3410.9  3477.7  3583.5  3718.2  4240.5  5805.3  8021.0 11429.6 15032.0  23551.8    50000
read     3002.7  1505.3   109.4  1146.3  1216.3  3261.5  3400.0  3465.2  3544.3  3688.1  4114.4  5673.4  8007.2  9970.7 12850.3  23780.8    55000
read     2998.7  1565.6   218.6  1116.8  1191.5  3248.9  3396.8  3466.4  3554.7  3699.6  4186.2  5865.0  8037.0 12507.4 15672.9  23930.0    60000
read     2956.3  1551.5   218.6  1108.5  1171.4  3204.5  3373.4  3450.1  3517.4  3691.9  4172.2  5496.6  8025.1 12536.3 15025.3  24186.6    65000
read     3013.8  1527.1   137.8  1141.4  1212.3  3260.3  3405.5  3473.9  3574.4  3712.7  4204.4  5816.3  8015.1 10162.3 13994.5  23755.6    70000
read     2975.7  1539.8   346.9  1128.4  1196.5  3243.5  3384.6  3450.9  3497.9  3671.9  4130.4  5547.0  8004.8  9812.1 12913.7  24053.2    75000
read     3002.7  1518.5   118.1  1144.0  1212.2  3260.6  3396.5  3460.5  3526.6  3673.6  4113.3  5780.3  8014.1 10051.4 14436.7  23882.0    80000
Warning! Detected max cpu usage > 95%
CPU Usage Stats (avg/min/max): 68.04%,1.00%,100.00%

RUN 2
#type       avg     std     min      p5     p10     p50     p67     p75     p80     p85     p90     p95     p99    p999   p9999     QPS   target
read      453.8   751.5    93.8   166.7   183.3   254.2   293.1   320.6   355.2   495.5   714.8  1563.3  2556.3  8038.4  9425.0   4974.2     5000
read      502.5   645.5    86.8   164.2   189.8   292.5   351.1   430.9   539.4   677.5  1437.0  1605.1  2537.8  7848.4  9375.2  10019.2    10000
read      559.4   633.0    86.8   160.5   191.6   336.4   446.1   560.1   678.1   869.2  1502.9  1662.2  2559.3  7716.3  9379.4  14919.6    15000
read      674.4   655.2    80.4   170.3   204.5   428.1   628.2   796.3   955.0  1488.9  1595.6  1775.6  2648.2  7618.0  9353.0  19998.2    20000
read     2609.5  1652.0    80.4   352.6   611.7  3099.7  3350.5  3435.6  3488.7  3642.5  3906.3  5274.5  7966.9  9779.7 12396.0  23606.6    25000
read     3007.7  1517.4   118.1  1148.0  1218.6  3269.3  3400.9  3462.8  3534.1  3690.3  4146.1  5753.7  8014.6 10073.1 13680.7  23714.6    30000
read     2992.7  1532.3   118.1  1130.6  1201.8  3246.7  3396.2  3466.6  3558.8  3709.9  4175.8  5692.7  8014.0 10114.0 17787.1  23855.8    35000
read     2906.3  1544.3   173.5  1064.1  1137.0  3170.1  3354.8  3441.2  3505.0  3675.2  4095.8  5331.8  8020.8 12921.9 15539.0  24561.2    40000
read     2950.6  1536.7   173.5  1114.9  1180.2  3209.4  3371.0  3444.2  3490.0  3662.5  4162.8  5537.8  8024.9 10107.2 18577.9  24255.0    45000
read     3035.2  1513.6   118.1  1148.6  1222.4  3276.0  3413.0  3477.4  3579.8  3712.9  4212.3  5819.5  8015.7 10033.8 13754.2  23509.2    50000
read     3051.4  1528.5   275.4  1153.7  1226.5  3281.7  3417.1  3480.8  3588.0  3717.3  4259.2  6014.9  8020.7 10088.6 14831.8  23434.2    55000
read     2967.2  1515.2   297.4  1121.4  1193.3  3235.7  3382.7  3451.8  3508.0  3680.4  4208.2  5664.8  8000.0  9995.2 12913.7  24044.2    60000
read     2924.1  1512.9   404.6  1116.7  1180.9  3187.5  3354.2  3428.7  3475.2  3626.0  4107.3  5453.2  8003.5  9952.8 13074.7  24462.4    65000
read     2962.8  1500.9   275.4  1124.4  1194.0  3229.8  3380.7  3451.4  3508.9  3675.6  4135.5  5471.1  7992.9  9806.3 12744.4  24090.8    70000
read     2975.4  1523.3   275.4  1113.9  1185.3  3227.0  3387.3  3462.1  3548.8  3698.6  4134.8  5496.6  8005.3 10182.6 14224.6  24050.2    75000
read     2952.5  1522.3   187.4  1124.4  1191.6  3218.0  3370.1  3439.6  3483.1  3644.0  4105.9  5606.7  8020.1 10090.8 13821.7  24218.4    80000
Warning! Detected max cpu usage > 95%
CPU Usage Stats (avg/min/max): 67.20%,1.00%,100.00%

RUN 3
#type       avg     std     min      p5     p10     p50     p67     p75     p80     p85     p90     p95     p99    p999   p9999     QPS   target
read      444.6   754.6    86.8   162.5   178.4   247.7   286.6   316.1   347.5   474.8   666.4  1545.9  2551.3  8041.8  9969.1   4990.0     5000
read      499.2   652.3    80.4   159.7   185.0   287.4   346.8   427.8   535.0   671.2  1428.9  1602.0  2537.3  7817.4  9150.2   9953.0    10000
read      556.7   642.3    80.4   153.8   186.9   332.4   442.6   546.8   661.8   854.0  1495.1  1682.5  2560.4  7760.8  9399.3  14947.2    15000
read      633.7   641.8    86.8   161.0   194.3   396.3   559.9   734.7   863.8  1417.0  1556.1  1722.8  2574.3  7520.4  9143.1  19973.0    20000
read     2826.6  1547.9    93.8  1048.2  1137.1  3144.5  3331.2  3417.0  3470.6  3618.7  4076.9  5328.6  7999.6 10110.3 12782.0  24434.8    25000
read     2988.9  1530.2   101.3  1141.2  1209.2  3246.8  3393.7  3462.9  3539.7  3677.4  4093.5  5722.1  8024.2 10196.6 16715.6  23947.0    30000
read     3024.0  1503.7   218.6  1170.7  1230.4  3271.5  3406.3  3469.7  3555.1  3692.7  4087.3  5863.3  8006.1  9869.1 13968.5  23616.4    35000
read     3097.2  1509.8   127.6  1199.5  1261.5  3317.5  3440.5  3512.7  3616.5  3720.3  4052.8  6266.5  8024.6  9943.4 14631.0  23111.2    40000
read     3052.2  1502.3   218.6  1171.8  1239.2  3285.4  3423.2  3488.1  3604.0  3725.1  4192.4  5871.9  8007.8  9868.5 13345.0  23353.6    45000
read     3020.6  1510.7   173.5  1165.6  1228.4  3272.2  3404.5  3466.8  3545.5  3687.8  4071.8  5730.1  8020.8 10123.8 16312.1  23678.0    50000
read     2955.3  1515.6   236.1  1127.8  1195.2  3205.3  3371.9  3447.4  3504.9  3682.4  4153.9  5643.8  8001.6  9933.9 12669.9  24226.4    55000
read     2983.2  1537.7   118.1  1132.5  1199.5  3221.4  3386.5  3463.1  3550.7  3692.6  4057.8  5564.6  8026.5 10696.1 17571.6  24002.6    60000
read     3075.4  1552.8   137.8  1187.4  1242.8  3287.3  3428.0  3501.4  3631.0  3760.5  4236.2  5981.8  8059.5 12601.5 16858.6  23287.8    65000
read     3056.7  1514.6   173.5  1172.5  1238.1  3289.3  3423.4  3486.6  3601.2  3724.7  4067.3  5976.2  8023.2 10143.9 14746.1  23419.0    70000
read     3065.5  1532.0   160.7  1180.6  1243.0  3291.7  3422.3  3483.7  3596.4  3725.7  4226.1  6106.4  8036.9 10159.5 14906.7  23404.8    75000
read     3021.9  1507.0   236.1  1163.9  1231.1  3274.5  3406.0  3467.9  3546.4  3682.5  4049.8  5936.9  8010.3  9996.7 14187.9  23720.2    80000
Warning! Detected max cpu usage > 95%
CPU Usage Stats (avg/min/max): 67.81%,1.00%,100.00%


l2

RUN 1
#type       avg     std     min      p5     p10     p50     p67     p75     p80     p85     p90     p95     p99    p999   p9999     QPS   target
read      277.7   110.9    93.8   176.6   193.8   268.1   298.6   316.2   329.7   345.1   368.1   400.8   481.9  1098.8  4233.2   5007.8     5000
read      300.9   136.8    93.8   171.4   197.2   291.2   325.6   348.0   365.5   385.0   408.3   449.2   547.5   945.8  6772.9   9969.2    10000
read      324.7   162.7    86.8   162.1   190.8   309.4   355.7   382.6   400.5   423.7   454.1   503.7   641.8  2299.8  6231.7  14958.8    15000
read      338.0   177.8    86.8   159.3   186.1   322.9   381.9   410.6   431.8   457.9   492.0   543.8   699.5   951.1  4677.6  20034.4    20000
read      361.0   167.1    86.8   154.8   183.2   347.6   409.6   442.8   467.7   498.3   535.9   594.8   793.7  1366.7  4851.4  24923.6    25000
read      381.7   173.3    86.8   160.2   188.3   362.0   434.4   475.8   505.3   538.9   583.5   678.9   864.9  1457.3  3361.4  30001.4    30000
read      582.9   550.8    80.4   169.8   209.4   440.7   558.4   652.9   744.9   878.3  1125.9  1547.0  2326.0  7730.7  9526.8  35035.2    35000
read     1937.0  1056.4    93.8  1232.0  1336.8  1759.6  1876.5  1962.2  2019.8  2126.3  2314.0  3211.2  7861.9  9377.6 11779.8  36452.6    40000
read     2003.4  1052.6   202.4  1290.4  1390.0  1802.5  1945.2  2026.4  2105.7  2192.2  2365.1  3318.6  7866.1  8867.8 11560.4  35503.2    45000
read     1993.5  1065.8   109.4  1275.4  1370.8  1796.0  1933.1  2016.9  2096.0  2191.4  2384.0  3291.2  7878.6  9820.6 12688.2  35709.0    50000
read     1970.7  1045.0   236.1  1252.9  1350.8  1778.1  1904.9  1993.1  2058.8  2165.7  2362.9  3299.7  7850.2  9392.6 12434.9  36073.3    55000
read     1956.5  1038.6   472.0  1263.4  1355.2  1760.9  1883.7  1974.7  2032.5  2142.4  2323.7  3278.9  7849.6  8925.3 11492.5  36320.3    60000
read     2004.9  1124.8   127.6  1263.4  1362.5  1803.7  1945.5  2025.8  2109.5  2205.6  2409.5  3279.6  7898.5 12874.2 18782.9  35599.8    65000
read     1893.1  1038.3   321.2  1192.3  1287.8  1688.9  1830.7  1918.2  1997.5  2116.4  2345.4  3142.8  7840.1  9095.5 12270.8  37529.6    70000
read     2011.9  1066.2   404.6  1292.2  1387.8  1811.4  1949.8  2025.2  2103.7  2192.4  2374.4  3365.3  7876.7  9405.2 13007.7  35466.6    75000
read     1942.0  1035.4   148.8  1239.1  1335.6  1745.1  1872.9  1964.7  2027.4  2137.1  2335.1  3238.1  7847.1  9246.6 11914.1  36609.7    80000
Warning! Detected max cpu usage > 95%
CPU Usage Stats (avg/min/max): 67.37%,0.50%,100.00%

RUN 2
#type       avg     std     min      p5     p10     p50     p67     p75     p80     p85     p90     p95     p99    p999   p9999     QPS   target
read      274.2   142.1    93.8   175.6   191.5   262.9   293.4   310.3   321.2   337.9   359.6   394.8   474.7  1292.1  7764.8   4966.8     5000
read      298.3   113.9    93.8   168.4   195.4   290.1   323.6   345.4   362.4   381.2   403.2   443.2   533.9   947.3  3925.4   9939.2    10000
read      321.0   155.4    86.8   160.2   189.2   309.7   356.4   382.5   399.7   421.6   449.9   496.4   603.0  1312.8  7684.0  15058.6    15000
read      337.6   126.3    80.4   155.8   184.2   326.1   383.6   411.7   432.2   457.1   489.9   541.0   683.6   905.0  2566.1  19994.2    20000
read      356.9   161.8    86.8   154.0   181.7   343.6   406.3   439.0   463.8   493.9   531.8   589.8   770.7  1180.2  6596.5  24952.4    25000
read      376.8   182.5    86.8   156.6   183.5   353.2   426.1   466.6   496.7   531.0   576.3   675.7   898.3  1771.3  3774.9  29870.0    30000
read      558.3   485.9    80.4   167.4   203.9   430.0   549.1   645.0   740.2   872.9  1076.6  1404.7  2156.3  7344.3  8895.7  35002.4    35000
read     1990.5  1071.9   101.3  1255.6  1363.6  1799.1  1942.6  2027.1  2120.0  2238.0  2444.8  3296.3  7866.9  9238.7 13012.3  35385.4    40000
read     2013.7  1085.1   137.8  1269.6  1374.9  1814.0  1963.7  2045.3  2132.7  2236.0  2413.2  3320.0  7878.0 10010.6 14906.1  35387.6    45000
read     2001.3  1068.2   187.4  1290.7  1390.0  1798.1  1927.3  2008.5  2085.5  2195.7  2396.1  3315.9  7875.5  9427.3 13856.4  35615.2    50000
read     1965.6  1072.2   346.9  1259.5  1357.7  1769.7  1893.9  1985.5  2048.6  2161.8  2341.1  3255.2  7859.4  9747.8 12999.0  36228.0    55000
read     1997.9  1102.3   236.1  1273.4  1366.5  1787.8  1923.1  2010.1  2089.8  2194.1  2401.5  3307.9  7894.7  9747.2 14531.6  35912.0    60000
read     1976.7  1055.4   187.4  1279.6  1370.5  1777.3  1904.8  1992.1  2056.3  2163.7  2357.5  3276.6  7872.4  9658.3 12489.4  36022.0    65000
read     1963.6  1040.7   297.4  1274.2  1364.8  1766.0  1887.1  1982.5  2046.9  2161.1  2350.5  3240.2  7853.2  9220.5 12523.6  36198.9    70000
read     2000.7  1057.7   236.1  1269.0  1367.6  1805.0  1943.7  2020.4  2098.8  2193.2  2398.3  3329.4  7868.7  9125.4 11036.5  35610.0    75000
read     2043.1  1099.1   275.4  1281.1  1382.1  1837.0  1983.4  2073.5  2157.0  2274.5  2480.5  3419.5  7888.4  9802.9 14892.7  34972.2    80000
Warning! Detected max cpu usage > 95%
CPU Usage Stats (avg/min/max): 67.74%,0.51%,100.00%

RUN 3
#type       avg     std     min      p5     p10     p50     p67     p75     p80     p85     p90     p95     p99    p999   p9999     QPS   target
read      275.1   118.3   101.3   177.9   194.6   265.4   295.0   311.6   322.9   338.8   359.6   393.0   484.3  1217.0  7262.9   4979.2     5000
read      297.2   463.2    93.8   167.2   194.1   286.9   320.4   341.7   358.5   378.0   401.3   439.6   534.6   942.9  3489.0  10013.4    10000
read      324.2   118.3    86.8   158.1   190.7   314.6   362.7   388.6   405.5   427.8   456.3   501.6   607.2   897.3  3878.6  14958.8    15000
read      340.4   149.3    86.8   159.2   186.6   325.5   383.6   412.2   433.3   459.7   494.8   548.7   723.5  1250.2  3183.4  20112.2    20000
read      349.6   147.1    80.4   155.1   181.4   333.9   399.2   431.9   456.7   486.4   524.4   580.8   749.5  1047.8  3644.6  24898.0    25000
read      388.6   214.9    80.4   157.5   186.2   361.0   433.3   474.3   505.2   540.4   587.6   698.3  1048.7  2075.6  7059.2  29962.8    30000
read      616.0   594.6    86.8   170.7   209.9   445.0   575.6   706.1   827.7  1020.3  1277.4  1622.5  2476.3  7827.9  9520.7  34927.8    35000
read     1985.4  1077.4   118.1  1243.1  1346.9  1791.9  1927.9  2012.0  2090.9  2193.2  2388.6  3296.8  7874.1  9975.6 14599.0  35740.6    40000
read     1974.2  1053.1   148.8  1257.5  1354.6  1781.6  1908.6  1992.7  2054.4  2163.8  2358.2  3283.6  7860.9  9586.0 12812.8  36028.4    45000
read     1984.7  1069.9   255.0  1276.3  1374.1  1784.2  1910.3  1996.2  2063.5  2173.1  2373.2  3292.5  7867.3  9884.3 14914.5  35918.8    50000
read     1995.3  1085.4   137.8  1238.7  1349.6  1791.7  1941.5  2027.6  2121.6  2240.9  2446.1  3282.6  7872.8  9880.9 17800.9  35718.7    55000
read     1968.3  1068.1   255.0  1271.4  1361.8  1772.7  1892.4  1979.2  2033.4  2138.6  2309.9  3266.8  7873.9  9613.0 13840.7  36308.4    60000
read     1952.3  1044.0   187.4  1242.9  1342.9  1754.3  1878.4  1974.9  2040.4  2165.8  2366.4  3200.8  7856.5  9050.2 11573.5  36445.6    65000
read     1964.0  1049.3   127.6  1268.3  1362.4  1766.7  1885.2  1980.2  2042.8  2156.0  2347.8  3235.7  7859.6  9238.6 12548.2  36287.8    70000
read     2031.7  1075.3   236.1  1298.6  1395.8  1824.4  1969.5  2054.2  2138.5  2240.6  2410.4  3391.1  7887.2  9448.8 11571.0  35143.2    75000
read     1994.5  1090.8   275.4  1249.2  1346.7  1777.7  1917.5  2008.5  2089.2  2193.8  2422.4  3444.3  7874.4  9516.7 14286.1  35771.6    80000
Warning! Detected max cpu usage > 95%
CPU Usage Stats (avg/min/max): 67.71%,0.50%,100.00%


llc

RUN 1
#type       avg     std     min      p5     p10     p50     p67     p75     p80     p85     p90     p95     p99    p999   p9999     QPS   target
read      332.7   240.2   109.4   201.3   220.3   304.4   338.2   361.3   379.1   399.7   427.5   476.4  1039.8  3572.1  7839.7   4966.8     5000
read      464.7   656.9   101.3   203.4   232.2   367.4   423.5   454.6   478.1   509.1   558.9   666.0  3567.5  8261.0 10249.1  10051.8    10000
read      434.9   384.4   101.3   190.5   221.8   388.3   458.1   499.2   529.2   563.3   607.5   689.8  1643.8  6217.5  8296.7  15032.4    15000
read      582.6   958.2    93.8   187.8   221.6   420.4   512.7   565.2   603.1   655.1   742.0  1269.8  6011.2 12957.4 16076.0  19926.6    20000
read      738.6   924.2    93.8   192.6   235.2   501.2   634.8   735.0   855.9  1142.3  1511.7  1983.7  5115.8  9361.8 16067.4  25047.2    25000
read     1601.2  1334.6    93.8   299.4   399.3  1572.3  1891.2  2015.6  2158.5  2525.4  2789.0  3196.1  7824.7 10807.1 16126.3  29492.6    30000
read     2146.1  1177.5   321.2  1632.5  1668.4  1853.6  1943.6  1999.8  2034.9  2149.2  2403.9  3655.5  7958.0 11526.2 15979.3  33309.0    35000
read     2031.1  1119.2   160.7  1505.3  1541.3  1733.6  1841.8  1920.8  2028.0  2286.8  2519.1  3305.8  7919.0 10072.0 14911.2  35221.2    40000
read     2027.0  1092.9   160.7  1520.4  1569.7  1746.6  1841.4  1886.3  1969.8  2084.2  2416.4  3407.8  7903.0  9451.3 13490.2  35105.9    45000
read     1981.5  1090.9   321.2  1496.1  1522.6  1698.6  1784.9  1855.3  1931.4  2167.0  2463.1  3298.3  7896.5  9796.8 15326.0  35936.2    50000
read     2064.8  1047.4   187.4  1619.0  1648.8  1829.7  1894.6  1959.7  2000.4  2053.9  2258.7  3390.9  7898.9  9719.4 12211.7  34606.0    55000
read     2164.9  1128.2   127.6  1645.7  1695.5  1876.2  1972.1  2020.0  2083.0  2188.7  2579.4  3647.9  7937.6 10005.7 15772.7  33081.0    60000
read     2067.0  1111.1   148.8  1554.2  1621.4  1791.4  1869.2  1940.3  2002.9  2124.7  2470.3  3428.5  7919.4  9463.2 15253.9  34670.8    65000
read     2003.0  1080.8   236.1  1507.9  1542.2  1716.9  1807.7  1866.0  1949.1  2196.0  2480.9  3358.2  7887.6  9755.6 12896.5  35532.0    70000
read     2231.6  1124.0   275.4  1682.5  1753.0  1950.9  2034.0  2131.1  2194.7  2371.6  2690.7  3622.5  7937.0 10190.3 14963.0  32073.6    75000
read     2283.9  1210.8   275.4  1754.5  1788.3  1988.2  2080.9  2153.9  2199.5  2342.5  2741.6  3870.8  7950.7  9726.9 12739.5  31423.0    80000
Warning! Detected max cpu usage > 95%
CPU Usage Stats (avg/min/max): 68.38%,0.50%,100.00%

RUN 2
#type       avg     std     min      p5     p10     p50     p67     p75     p80     p85     p90     p95     p99    p999   p9999     QPS   target
read      347.4   281.2   109.4   204.6   223.9   311.0   346.4   370.6   388.8   409.7   437.9   505.9  1421.7  3929.6  7972.1   4988.4     5000
read      415.2   480.1   101.3   196.3   226.9   357.3   414.7   443.9   466.4   495.7   535.0   608.0  1785.0  7827.5  9711.8   9976.8    10000
read      492.8   720.6    86.8   189.9   224.4   398.2   468.0   509.0   539.9   576.5   627.3   749.9  3072.6 10499.1 15516.0  15019.8    15000
read      559.7   763.2    93.8   186.8   225.2   431.7   524.0   573.9   611.0   662.5   746.3  1174.3  3929.2  8779.8 15883.5  20044.8    20000
read      651.7   810.8   101.3   188.4   228.7   474.7   589.5   663.7   729.4   845.1  1142.2  1685.3  3890.7  8927.8 15754.0  25135.8    25000
read     1394.0  1283.7    93.8   260.0   331.6  1061.4  1749.4  1877.1  2010.6  2394.8  2651.2  2936.8  7755.4 11094.9 16623.2  29863.2    30000
read     2173.1  1119.1   173.5  1630.8  1677.7  1877.8  1986.5  2047.3  2151.4  2346.9  2677.4  3604.0  7933.3  9628.1 13830.6  32688.2    35000
read     2198.6  1246.8   218.6  1730.2  1766.7  1940.8  2006.9  2041.0  2108.9  2176.8  2363.5  3680.2  7951.0 11260.9 15619.6  32637.0    40000
read     2124.0  1167.8   437.0  1621.0  1648.1  1828.4  1902.0  1978.7  2026.6  2160.4  2570.2  3610.0  7955.2 10113.6 15824.0  33693.6    45000
read     2165.6  1156.2   218.6  1635.3  1675.1  1862.2  1962.0  2019.1  2094.0  2224.2  2628.1  3644.5  7950.6 10096.0 15841.8  33063.0    50000
read     2174.9  1153.2   218.6  1637.5  1680.3  1871.6  1973.7  2026.4  2103.1  2200.4  2560.9  3732.8  7962.6 10077.0 15120.5  32986.4    55000
read     2134.8  1089.5   255.0  1631.7  1682.5  1872.4  1964.1  2010.8  2048.6  2156.2  2480.1  3553.1  7917.1  9584.1 12775.6  33569.8    60000
read     2012.3  1129.9   374.7  1532.9  1598.9  1758.9  1837.0  1873.7  1926.9  2014.2  2395.7  3349.4  7883.6  9342.2 12346.3  35525.1    65000
read     2262.7  1194.8   321.2  1662.4  1723.3  1921.9  2026.3  2163.4  2371.8  2615.3  2807.4  3652.8  7981.9 12469.2 15846.4  31801.4    70000
read     1969.5  1117.4   236.1  1513.4  1549.8  1713.8  1789.8  1842.1  1874.8  1962.7  2158.0  3356.1  7881.5  9964.2 14056.7  36264.4    75000
read     2064.4  1060.7   321.2  1619.2  1647.2  1825.6  1886.2  1951.4  1992.2  2033.0  2275.0  3412.5  7902.7  9917.3 15319.8  34617.2    80000
Warning! Detected max cpu usage > 95%
CPU Usage Stats (avg/min/max): 68.00%,0.50%,100.00%

RUN 3
#type       avg     std     min      p5     p10     p50     p67     p75     p80     p85     p90     p95     p99    p999   p9999     QPS   target
read      329.9   225.9   109.4   202.6   221.1   307.4   341.4   364.0   381.0   400.8   428.5   474.6   814.8  2561.8  8009.1   5020.9     5000
read      432.6   543.5   101.3   202.0   232.4   362.5   419.7   450.3   472.3   503.7   545.7   631.5  2211.3  7996.2  9505.1   9939.2    10000
read      481.4   702.1   101.3   188.9   219.5   384.1   455.8   497.1   528.1   564.9   616.0   737.2  3423.0  9138.2 15326.3  14964.8    15000
read      554.5   808.5    86.8   186.5   222.6   424.4   515.8   566.6   603.3   651.7   732.3  1077.7  3932.0 11188.1 16120.0  19989.0    20000
read      743.2   938.6    86.8   197.5   242.0   500.5   625.7   713.0   801.1  1039.3  1618.4  2054.2  4913.0  9782.7 15943.0  25059.2    25000
read     1644.2  1310.4   101.3   283.1   377.6  1657.2  1871.4  2091.8  2397.0  2558.5  2716.1  3180.0  7830.7  9941.2 15561.3  29999.2    30000
read     2094.2  1124.0   148.8  1565.7  1642.2  1840.1  1919.5  1978.3  2015.1  2094.2  2307.2  3566.7  7926.7  9952.0 15146.0  33714.6    35000
read     2197.4  1116.9   187.4  1658.3  1739.4  1920.3  2002.4  2053.7  2152.0  2408.6  2724.8  3562.6  7926.2  9557.7 13174.8  32496.2    40000
read     2054.9  1126.0   236.1  1548.6  1617.9  1768.5  1845.4  1881.6  1960.8  2106.9  2589.2  3418.3  7921.2 10696.3 16734.5  34725.1    45000
read     2054.6  1116.9   275.4  1540.3  1600.2  1763.3  1850.3  1905.0  1996.9  2184.1  2505.8  3410.6  7915.3  9903.0 15140.8  34867.8    50000
read     2131.4  1098.0   297.4  1622.3  1653.7  1843.6  1937.4  2006.0  2082.5  2332.9  2626.5  3500.1  7917.8  9605.6 12717.8  33588.0    55000
read     2166.3  1124.5   275.4  1646.5  1694.0  1876.2  1976.0  2026.0  2101.1  2199.5  2566.2  3647.4  7931.0  9999.1 16017.6  33030.4    60000
read     2094.3  1084.0   236.1  1617.2  1651.3  1841.7  1922.2  1980.9  2017.7  2099.6  2302.1  3555.9  7911.1  9544.3 12514.5  34260.8    65000
read     2209.7  1197.5   437.0  1606.4  1640.1  1838.9  1989.2  2272.1  2465.4  2593.9  2743.1  3584.6  7965.6 11014.1 15621.7  32447.2    70000
read     2116.9  1071.8   346.9  1642.8  1683.6  1859.3  1945.7  1996.5  2028.3  2126.7  2376.6  3516.2  7906.4  9537.2 13110.8  33735.4    75000
read     2097.1  1075.0   374.7  1622.6  1651.0  1829.1  1895.7  1967.9  2013.0  2123.2  2534.1  3526.5  7899.2  9403.3 11915.5  34069.0    80000
Warning! Detected max cpu usage > 95%
CPU Usage Stats (avg/min/max): 68.04%,1.00%,100.00%


membw

RUN 1
#type       avg     std     min      p5     p10     p50     p67     p75     p80     p85     p90     p95     p99    p999   p9999     QPS   target
read      278.3   152.0   101.3   176.6   192.5   261.4   290.7   306.7   317.9   333.7   354.9   395.5   660.6  1992.5  7127.6   4928.4     5000
read      310.1   143.1   101.3   172.4   198.8   295.1   328.9   347.9   367.4   390.3   419.6   467.0   727.8  1747.6  4751.4   9964.0    10000
read      662.3  1423.3    93.8   167.3   197.6   329.9   395.8   434.7   467.6   521.7   688.1  1789.6  8015.7 13377.1 15956.9  14996.4    15000
read      435.7   608.2    86.8   158.6   187.5   335.1   408.2   446.6   474.5   511.1   561.7   715.6  3173.5  7954.9  9875.9  19929.8    20000
read      414.4   534.4    86.8   151.8   178.5   334.8   416.2   458.8   490.2   527.8   575.9   680.2  1885.8  7514.2 12225.7  24983.2    25000
read      449.3   558.0    86.8   153.0   182.1   361.7   453.8   503.9   539.2   580.2   639.3   820.1  2086.4  7998.0 11369.8  29983.2    30000
read      522.1   572.3    86.8   157.9   195.1   409.4   511.0   567.9   612.2   680.3   853.0  1287.5  2439.2  7828.8 11619.9  34891.4    35000
read      542.6   592.7    86.8   157.3   192.1   412.2   535.2   605.9   670.5   782.2  1018.0  1247.7  2504.3  7870.9 10136.8  39977.6    40000
read      805.2   644.6    86.8   221.5   284.1   659.7   938.7  1090.5  1169.8  1245.7  1347.6  1633.5  2617.5  7925.6 10064.5  44922.0    45000
read     1471.1   843.6   137.8  1108.3  1140.7  1280.3  1349.7  1383.1  1444.7  1538.1  1785.6  2481.7  7550.7  8326.9 10621.8  47008.0    50000
read     1561.7   939.4   148.8  1134.2  1186.0  1331.2  1407.6  1481.0  1564.5  1701.2  1975.9  2608.6  7644.4  9540.3 14263.7  44776.2    55000
read     1492.7   894.5   275.4  1115.2  1145.9  1275.6  1343.9  1378.4  1437.7  1556.3  1857.5  2507.4  7610.8  8734.1 10748.2  46718.0    60000
read     1528.6   887.8   173.5  1142.4  1190.9  1316.6  1373.7  1434.0  1490.0  1644.7  1875.0  2543.3  7612.0  9087.4 11451.8  45726.8    65000
read     1558.3   956.0   148.8  1170.8  1202.2  1332.7  1382.9  1451.2  1501.5  1655.9  1904.3  2608.8  7646.7  9809.2 15031.1  44975.4    70000
read     1519.3   897.6   127.6  1129.3  1173.0  1303.3  1368.0  1427.3  1491.0  1647.3  1855.5  2520.3  7619.8  8900.8 12179.8  46002.2    75000
read     1532.0   889.3   275.4  1114.4  1144.6  1289.9  1384.4  1542.2  1654.5  1740.8  1890.3  2504.9  7600.9  9302.0 12806.0  45572.8    80000
Warning! Detected max cpu usage > 95%
CPU Usage Stats (avg/min/max): 67.84%,1.00%,100.00%

RUN 2
#type       avg     std     min      p5     p10     p50     p67     p75     p80     p85     p90     p95     p99    p999   p9999     QPS   target
read      280.4   178.5   101.3   177.3   193.7   263.0   292.4   309.0   320.2   335.6   355.3   394.0   623.2  2519.8  7838.1   4993.8     5000
read      307.6   190.4    93.8   169.2   193.4   287.7   320.6   340.5   357.1   378.8   407.5   458.4   834.3  2448.5  7635.0  10034.0    10000
read      358.0   849.7    93.8   160.7   187.9   309.0   354.3   387.3   409.1   434.9   470.5   542.2  1636.8  7087.5  8118.5  14944.8    15000
read      375.9   479.7    93.8   154.6   181.7   323.0   387.4   422.8   447.3   475.9   513.9   576.5  1415.1  7641.4 12725.5  19988.8    20000
read      367.4   250.0    86.8   151.3   177.3   332.7   410.6   450.2   478.3   511.4   550.5   612.1   901.3  3674.7  7716.6  25027.0    25000
read      425.6   622.6    86.8   153.6   184.8   367.2   457.2   506.4   540.5   578.7   628.1   733.8  1756.8  5159.8  8085.4  30130.2    30000
read      523.6   590.5    86.8   153.2   186.9   396.4   502.9   564.0   610.7   684.6   871.0  1262.8  3253.9  7676.6  8129.1  35024.7    35000
read      579.8   624.7    86.8   160.0   199.8   433.7   557.6   634.3   715.0   868.8  1123.1  1446.7  2587.3  7870.3 10295.6  39896.2    40000
read      932.6   740.5    86.8   246.1   315.8   858.9  1098.2  1185.6  1240.3  1304.9  1438.0  1809.4  3150.6  8079.2 10794.0  44934.4    45000
read     1543.6   967.9   137.8  1118.9  1156.4  1298.6  1375.8  1467.9  1582.7  1710.4  1885.7  2541.9  7655.3  9459.5 16194.1  45136.0    50000
read     1481.3   869.7   218.6  1121.9  1160.1  1283.1  1345.1  1374.4  1410.3  1479.1  1729.4  2511.8  7559.2  8285.3 12719.5  46976.6    55000
read     1459.9   862.8   218.6  1101.8  1121.8  1250.9  1315.1  1367.7  1438.8  1597.1  1850.4  2453.5  7520.5  8730.2 12975.0  47541.6    60000
read     1563.9   966.5   275.4  1156.8  1199.2  1343.5  1426.7  1503.1  1623.3  1741.0  1885.4  2574.6  7640.8  8134.1 10546.5  44697.8    65000
read     1568.7   882.9   202.4  1197.9  1223.3  1361.4  1433.7  1481.0  1535.4  1623.7  1858.3  2631.5  7647.0  8486.1 10866.5  44536.8    70000
read     1502.0   842.9   321.2  1161.1  1198.6  1320.1  1367.6  1399.1  1448.0  1496.8  1766.4  2528.5  7582.7  8138.3 11762.3  46444.2    75000
read     1561.5   953.7   236.1  1188.4  1207.5  1343.9  1411.2  1478.5  1569.0  1707.3  1878.1  2584.0  7640.5  8905.4 11882.8  44927.0    80000
Warning! Detected max cpu usage > 95%
CPU Usage Stats (avg/min/max): 67.98%,1.00%,100.00%

RUN 3
#type       avg     std     min      p5     p10     p50     p67     p75     p80     p85     p90     p95     p99    p999   p9999     QPS   target
read      277.6   186.4   101.3   173.2   189.3   258.3   288.9   305.4   317.3   333.2   354.5   398.0   665.2  1877.3  7836.5   5012.4     5000
read      320.2   370.8    93.8   172.0   197.0   294.5   329.5   349.3   368.6   391.7   421.2   467.8   734.7  7499.0 12752.6  10093.4    10000
read      330.6   205.3    93.8   164.0   190.6   308.6   351.9   383.8   404.7   429.9   462.9   519.5   760.5  2742.3  7727.7  15013.0    15000
read      411.4   620.5    86.8   155.5   183.0   329.2   396.7   432.9   459.5   493.1   538.8   620.5  2060.4  8837.5 12534.9  19981.6    20000
read      383.7   383.9    86.8   151.6   177.6   330.6   409.1   450.3   480.0   515.3   559.5   629.0  1382.1  6383.0  8669.7  24962.4    25000
read      488.5   895.2    86.8   154.1   186.0   373.3   465.4   516.7   552.8   596.7   672.6  1095.7  2334.0  8758.1 16442.5  30030.0    30000
read      528.0   539.5    86.8   157.2   194.5   414.2   524.9   586.5   635.6   717.0   905.9  1329.2  2443.0  7566.9  9757.3  35053.8    35000
read      771.8   752.6    86.8   180.9   231.0   540.9   781.4  1045.2  1196.9  1367.9  1583.1  1775.2  3144.8  8016.8  9914.7  40054.0    40000
read     1021.4   828.3    86.8   254.9   325.6  1001.1  1220.9  1281.8  1341.9  1430.5  1632.8  1881.6  3436.4  8084.7 10288.2  44970.5    45000
read     1554.5   890.4   148.8  1174.3  1208.5  1352.2  1419.4  1469.6  1510.7  1625.6  1875.2  2614.2  7620.6  8889.1 14238.2  44818.2    50000
read     1475.0   906.4   127.6  1109.8  1134.2  1261.3  1325.2  1366.0  1405.3  1496.8  1806.1  2485.8  7573.7  8909.6 14571.5  47075.6    55000
read     1499.1   901.9   218.6  1111.8  1142.2  1285.3  1356.5  1398.3  1465.6  1588.9  1866.3  2502.5  7574.0  9032.8 15211.0  46427.4    60000
read     1503.9   869.4   321.2  1135.6  1181.6  1301.2  1360.0  1391.2  1450.1  1533.7  1828.5  2530.1  7568.5  8290.3 11275.9  46339.6    65000
read     1571.0   912.5   275.4  1147.9  1193.9  1331.4  1414.0  1526.6  1664.7  1788.1  1973.0  2562.0  7643.7  9056.1 12337.7  44543.8    70000
read     1606.7   924.0   148.8  1207.2  1244.5  1383.2  1460.2  1497.9  1573.9  1698.5  1953.0  2681.9  7681.4  9125.0 12882.5  43671.8    75000
read     1500.1   850.8   202.4  1125.9  1166.6  1300.1  1366.1  1420.4  1480.7  1597.5  1836.4  2505.6  7580.2  8136.6 10238.6  46548.0    80000
Warning! Detected max cpu usage > 95%
CPU Usage Stats (avg/min/max): 67.88%,0.00%,100.00%
