#type       avg     std     min      p5     p10     p50     p67     p75     p80     p85     p90     p95     p99    p999   p9999      QPS   target       ts_start         ts_end
read      245.4    96.8    93.8   148.6   161.9   231.7   264.5   283.6   297.3   315.9   340.8   381.9   490.5   694.8  3220.2  29897.7    30000  1777056902742  1777056912883
read      249.3   102.5    93.8   155.7   168.3   234.8   267.6   286.6   300.3   317.6   341.9   382.3   481.7   950.2  3704.4  29939.6    30005  1777056914397  1777056924517
read      251.6   101.8    93.8   154.1   167.8   237.0   270.3   289.9   304.7   322.2   347.9   390.0   492.4   761.7  3219.7  29937.4    30010  1777056926028  1777056936136
read      260.7   100.5   101.3   155.8   170.9   246.3   281.3   301.8   317.1   337.6   364.9   408.3   519.2   736.9  3422.5  30055.1    30015  1777056937648  1777056947748
read      256.0   121.1    93.8   150.6   164.4   237.7   273.1   294.3   311.2   332.4   362.6   413.0   542.1  1063.7  4226.2  29982.0    30020  1777056949258  1777056959392
read      261.6   138.3    86.8   154.8   168.7   241.4   277.3   298.4   315.1   336.8   367.0   420.0   579.5  1832.6  4532.8  29992.0    30025  1777056960908  1777056971136
read      253.9   161.6    93.8   151.9   164.1   231.4   265.7   286.1   301.3   320.3   349.8   401.3   603.2  2169.8  6131.7  30129.5    30030  1777056972650  1777056982857
read      252.3   131.7    93.8   151.3   163.4   231.9   266.9   287.9   303.7   322.8   352.0   399.8   551.5  1931.7  4285.3  30129.1    30035  1777056984369  1777056994476
read      254.8   150.1    93.8   152.4   165.0   234.6   269.3   289.9   305.6   324.4   352.6   398.1   548.9  2026.4  5740.0  30019.9    30040  1777056995987  1777057006096
read      250.6   142.7    93.8   150.7   162.8   229.7   263.6   283.7   298.4   317.6   345.0   393.3   575.9  1917.9  6129.7  30083.5    30045  1777057007607  1777057017710
read      253.4   124.0    93.8   151.5   163.7   233.9   269.6   290.6   306.6   326.1   355.7   402.9   548.4  1754.9  4157.9  29879.4    30050  1777057019222  1777057029324
read      249.2   117.3   101.3   152.4   164.5   231.7   265.4   285.2   299.8   318.2   344.3   389.3   520.5  1584.1  4036.5  30047.3    30055  1777057030837  1777057040941
read      252.7   131.9   101.3   152.9   165.0   232.6   267.7   288.4   303.9   322.1   349.7   395.9   543.8  1938.7  4573.4  29997.1    30060  1777057042454  1777057052557
read      246.1   119.5   101.3   151.6   163.2   227.7   261.0   280.8   295.4   314.3   340.3   384.5   516.9  1680.5  4178.6  30074.6    30065  1777057054070  1777057064181
read      239.8   111.0   101.3   150.1   161.2   221.7   253.9   273.4   288.7   307.0   332.0   373.1   497.3  1541.8  3213.8  30074.0    30070  1777057065693  1777057075795
read      247.4   120.6   101.3   151.4   162.9   227.9   262.1   282.5   297.5   316.8   343.8   391.1   538.1  1605.3  3768.9  30024.6    30075  1777057077306  1777057087411
read      256.8   130.8    93.8   155.7   168.9   239.0   273.9   294.7   310.6   330.0   357.4   401.3   522.1  1300.7  6216.5  30133.2    30080  1777057088923  1777057099023
read      243.8   104.1    93.8   145.1   157.2   226.6   262.5   283.8   299.6   319.4   348.1   396.2   506.7   750.3  3988.0  30049.7    30085  1777057100536  1777057110638
read      247.3   103.2    86.8   145.7   159.6   231.8   267.3   287.9   303.2   321.4   348.6   394.9   506.6   814.1  3894.4  30051.0    30090  1777057112150  1777057122254
read      253.5    94.1    93.8   151.1   164.9   237.8   273.7   294.7   310.9   330.7   358.9   403.3   515.1   760.0  2678.8  30145.0    30095  1777057123766  1777057133869
read      251.3    99.7    93.8   151.7   165.1   236.1   271.3   291.8   307.1   325.1   351.2   394.7   503.0   807.9  3296.5  30004.8    30100  1777057135380  1777057145481
read      250.9    97.7   101.3   154.5   167.6   235.9   269.7   289.4   304.3   321.8   346.8   390.2   496.3   743.4  3607.3  30164.9    30105  1777057146993  1777057157093
read      248.5   122.1    93.8   150.7   162.7   229.6   264.0   284.5   299.6   318.5   344.8   391.2   528.7  1685.0  4196.3  30110.8    30110  1777057158606  1777057168709
read      256.3   167.5    93.8   151.6   163.9   233.5   268.3   288.6   303.9   322.0   348.6   397.6   583.5  2683.1  6105.2  30028.8    30115  1777057170221  1777057180325
read      241.0   118.8   101.3   150.1   161.5   224.6   256.8   275.6   290.6   308.3   331.8   370.8   473.8  1501.6  4627.4  30113.4    30120  1777057181837  1777057191941
read      240.2    89.1   101.3   150.7   162.1   225.3   257.5   276.6   291.6   309.5   333.4   372.3   473.1   795.9  3016.8  30197.2    30125  1777057193452  1777057203556
read      264.7   108.4    93.8   156.0   171.1   248.6   286.1   308.2   324.5   345.0   373.6   421.3   530.6   930.5  3867.7  30112.3    30130  1777057205068  1777057215168
read      271.7   128.4    93.8   158.7   174.4   253.9   292.4   315.0   333.0   355.6   386.3   435.8   553.7  1075.1  4197.7  30193.3    30135  1777057216680  1777057226782
read      254.6   102.2    93.8   152.5   165.9   238.2   273.8   295.0   311.5   331.8   359.9   404.4   518.1   803.5  3356.8  30180.9    30140  1777057228295  1777057238397
read      260.4    98.3    93.8   156.5   171.3   245.6   280.8   301.2   316.9   337.0   364.2   408.8   523.7   773.2  3094.8  30177.5    30145  1777057239908  1777057250011
read      271.1   110.8    93.8   161.7   176.8   254.5   291.5   313.6   330.8   352.2   381.8   430.5   544.6   869.6  3930.9  30133.5    30150  1777057251524  1777057261629
read      264.1   102.6    93.8   161.3   175.3   248.0   283.4   304.2   319.5   340.1   368.6   416.3   537.0   850.8  3510.6  30145.3    30155  1777057263142  1777057273259
read      262.0   103.4    93.8   158.8   173.1   246.7   282.3   303.4   318.8   339.3   366.8   410.7   518.5   791.0  3483.3  30231.8    30160  1777057274771  1777057284884
read      266.2   114.6    93.8   159.3   174.1   249.6   286.3   307.9   323.6   344.2   372.6   420.0   533.1  1149.2  3884.5  30202.8    30165  1777057286396  1777057296500
read      270.2   122.1    93.8   157.0   173.1   252.9   290.3   312.7   329.7   350.7   380.9   430.7   549.8  1642.2  3941.1  30190.9    30170  1777057298012  1777057308120
read      266.0   102.8    93.8   161.7   176.1   250.7   286.7   307.8   323.2   343.4   371.3   416.4   521.1   869.4  3622.6  30278.0    30175  1777057309632  1777057319733
read      267.1   110.2    86.8   156.4   171.8   249.3   287.0   309.6   326.6   348.1   379.9   432.0   556.9   919.9  3721.6  30214.0    30180  1777057321245  1777057331350
read      265.0   105.1    93.8   158.5   173.3   249.1   285.7   307.3   322.9   343.7   372.6   421.1   535.8   828.0  3560.5  30252.6    30185  1777057332862  1777057342961
read      268.6   112.2    93.8   157.5   173.2   251.8   290.2   312.7   329.9   351.3   381.2   428.9   538.2   919.9  3915.5  30140.4    30190  1777057344474  1777057354580
read      263.0    96.2    93.8   159.5   174.1   248.2   283.3   303.8   318.8   339.1   366.8   412.1   526.6   776.7  3076.3  30159.2    30195  1777057356093  1777057366196
