read      271.8   130.2   101.3   163.9   178.8   254.0   291.5   315.0   333.4   355.9   384.8   427.2   512.0  1055.7  4572.2  30017.0    30000  1777034274594  1777034284735
read      278.4   134.9   101.3   167.7   183.2   260.0   297.4   320.9   339.8   362.7   392.3   435.9   531.6  1565.9  6019.7  30068.0    30005  1777034286249  1777034296371
read      272.2   124.2   101.3   163.6   178.6   254.7   292.7   315.9   333.9   355.6   383.4   426.4   517.6  1147.6  4805.9  29953.3    30010  1777034297884  1777034307987
read      261.0   143.1    93.8   155.5   168.5   240.3   277.3   299.6   316.8   338.2   366.8   413.7   537.0  1753.2  5980.2  30026.2    30015  1777034309499  1777034319602
read      265.3   158.9   101.3   158.2   171.1   242.1   278.3   301.3   319.1   342.1   372.6   423.6   565.3  2230.0  5977.6  30033.1    30020  1777034321115  1777034331215
read      262.3   149.0   109.4   161.4   174.0   241.8   275.4   296.1   312.4   332.1   359.3   403.8   547.1  2246.6  5799.7  30062.9    30025  1777034332728  1777034342826
read      267.9   158.8    93.8   162.5   175.4   245.8   281.5   303.8   320.5   342.0   370.3   418.0   558.8  2601.1  6124.0  30086.1    30030  1777034344339  1777034354437
read      273.1   137.8   101.3   163.7   177.6   252.6   289.8   312.7   330.5   352.2   381.9   430.9   562.2  1876.6  4899.9  30015.7    30035  1777034355951  1777034366051
read      274.1   137.5   101.3   163.3   177.2   253.4   291.0   313.9   331.7   353.8   384.2   434.3   582.6  2002.2  4980.3  30132.0    30040  1777034367565  1777034377664
read      265.9   146.4   101.3   161.4   174.0   244.7   280.6   303.1   320.2   342.3   371.0   419.9   548.9  1993.2  5700.6  30088.7    30045  1777034379177  1777034389277
read      269.3   155.9   101.3   161.0   174.2   247.6   284.2   306.5   323.0   344.7   373.9   424.8   571.6  2186.1  6092.9  30002.7    30050  1777034390790  1777034400887
read      258.0   155.3   101.3   157.0   169.0   235.6   270.1   291.0   307.3   327.1   355.0   401.8   544.5  2454.6  5638.1  30109.3    30055  1777034402399  1777034412500
read      259.9   140.8    93.8   158.7   171.4   239.3   273.6   294.4   310.6   330.2   357.6   402.7   545.0  2141.1  5124.8  30123.9    30060  1777034414014  1777034424114
read      253.0   161.7   101.3   154.8   166.5   231.7   264.9   284.9   300.0   319.2   345.6   392.6   539.0  2161.3  6970.2  30121.6    30065  1777034425627  1777034435726
read      263.7   122.3   101.3   160.9   174.0   244.8   281.1   303.9   320.8   343.3   372.8   419.4   518.7  1251.6  4301.4  30005.0    30070  1777034437239  1777034447341
read      264.7   133.0    93.8   157.4   171.4   245.1   281.5   305.0   323.2   346.6   378.4   427.3   531.9  1377.9  5218.5  30128.2    30075  1777034448855  1777034458955
read      256.3   128.3   101.3   159.1   171.6   238.9   273.6   294.9   311.3   330.9   357.5   399.0   488.5  1062.7  5668.8  30079.3    30080  1777034460470  1777034470575
read      264.0   125.9   101.3   161.4   174.6   245.1   281.1   303.6   320.5   342.9   372.3   419.6   517.4  1263.4  4740.6  30096.8    30085  1777034472087  1777034482187
read      274.6   124.5   101.3   165.8   180.2   255.6   292.9   316.0   334.0   355.9   385.5   431.8   545.6  1722.0  3487.7  30035.9    30090  1777034483699  1777034493800
read      255.7   146.4   101.3   156.8   169.3   235.6   268.7   288.3   302.9   320.3   345.2   389.1   538.6  2374.4  4920.4  30041.2    30095  1777034495312  1777034505412
read      253.9   135.8   101.3   156.2   168.2   234.7   268.2   287.7   302.1   319.5   343.5   385.4   538.4  2126.4  4395.7  30086.2    30100  1777034506924  1777034517027
read      258.6   123.4   101.3   159.2   172.3   240.7   274.0   294.4   310.3   329.3   355.7   399.7   541.5  1396.0  4737.2  30169.8    30105  1777034518539  1777034528640
read      245.7    91.5   101.3   154.5   166.7   232.4   264.4   283.0   296.7   314.6   337.7   373.3   462.2   739.5  3181.1  30052.7    30110  1777034530154  1777034540255
read      260.2    97.4   101.3   163.2   176.4   245.3   279.0   299.9   316.2   336.4   362.3   400.6   488.8   679.6  3542.5  30147.8    30115  1777034541768  1777034551866
read      271.3   115.9   101.3   163.9   178.6   253.2   290.2   313.7   332.4   355.5   385.9   431.9   532.7   832.6  4133.1  30056.1    30120  1777034553378  1777034563478
read      267.0   109.2   101.3   160.6   175.2   250.1   286.8   309.6   327.4   349.8   379.5   425.0   511.7   876.4  4021.2  30002.1    30125  1777034564991  1777034575092
read      267.8   107.8    93.8   164.5   179.3   252.4   287.7   309.0   324.7   344.9   372.5   416.5   507.7   786.5  4351.0  30137.6    30130  1777034576604  1777034586701
read      266.3   102.9    93.8   162.1   177.0   250.7   286.7   308.5   324.9   345.3   373.3   418.4   504.3   738.3  3482.4  30064.7    30135  1777034588214  1777034598317
