read      271.6   103.0    93.8   163.8   179.0   256.8   294.3   316.4   333.4   353.5   379.9   422.8   514.1   837.3  3656.6  30031.1    30000  1777032955037  1777032965177
read      287.7   134.7   109.4   164.6   179.4   264.3   310.7   338.5   359.3   384.2   417.2   468.1   601.5  1676.8  4305.8  30057.6    30005  1777032966693  1777032976813
read      264.2   136.2   101.3   155.0   168.0   241.6   279.7   302.3   319.4   341.8   372.4   428.0   592.6  2045.6  4287.9  30041.3    30010  1777032978326  1777032988427
read      261.6   136.1   101.3   156.6   169.1   239.6   275.8   297.4   314.4   335.4   364.6   416.4   583.3  2072.7  4788.6  29960.1    30015  1777032989942  1777033000046
read      277.4   148.1   101.3   161.5   174.8   252.2   293.3   318.3   338.0   362.2   395.3   453.9   631.2  2210.3  4810.4  30063.2    30020  1777033001560  1777033011664
read      267.5   161.2   101.3   155.1   168.0   242.9   282.3   306.0   323.6   346.7   380.7   436.1   613.1  2028.0  6234.8  30040.8    30025  1777033013177  1777033023276
read      256.1   153.7   101.3   156.8   168.5   234.1   268.8   289.7   305.6   324.5   351.3   397.6   543.0  2559.9  5744.5  30073.9    30030  1777033024790  1777033034894
read      273.5   136.8   101.3   161.5   174.9   251.0   290.6   314.6   333.1   355.8   386.7   439.0   595.8  1956.4  4232.7  30033.2    30035  1777033036409  1777033046509
read      273.0   141.0   101.3   160.8   173.7   249.5   290.1   314.6   333.5   356.5   387.7   439.9   605.5  1987.0  4373.6  30020.8    30040  1777033048023  1777033058125
read      264.0   159.0   101.3   157.6   170.2   240.7   277.8   300.8   318.0   339.6   368.7   419.4   567.9  2232.4  5250.9  30031.3    30045  1777033059638  1777033069737
read      274.2   143.5   101.3   162.5   176.0   252.2   291.4   314.7   332.8   355.0   385.2   435.0   584.8  2127.4  5100.2  29987.4    30050  1777033071249  1777033081353
read      253.3   116.7    93.8   154.1   166.3   234.1   269.7   290.9   307.0   326.4   353.6   400.2   532.8  1469.9  4307.7  30028.0    30055  1777033082867  1777033092968
read      269.9   143.5   101.3   159.8   173.5   248.8   288.2   312.1   330.0   351.8   381.4   428.5   547.0  2002.1  4932.3  30143.9    30060  1777033094482  1777033104587
read      263.9   103.6    93.8   154.1   168.2   246.6   286.8   311.0   329.1   351.0   380.1   425.4   518.6   783.5  3141.1  30084.1    30065  1777033106101  1777033116201
read      268.0   114.5    93.8   156.2   170.1   246.5   287.6   313.8   334.3   359.6   392.6   443.3   546.4  1007.5  3626.8  30051.8    30070  1777033117713  1777033127818
read      264.0   109.2    93.8   159.2   172.5   246.0   284.6   308.4   326.0   347.5   375.8   421.1   511.6   908.1  4160.1  30109.7    30075  1777033129331  1777033139432
read      268.1   110.4    93.8   156.7   171.4   249.4   290.2   315.2   334.4   357.6   387.9   432.6   529.5   972.2  3381.4  30114.9    30080  1777033140947  1777033151052
read      267.5   182.3   101.3   158.5   171.1   242.3   278.1   299.2   315.6   335.9   363.7   412.3   624.3  2970.2  5410.5  30023.3    30085  1777033152564  1777033162667
read      271.1   149.0   101.3   160.4   173.7   248.2   287.6   311.5   329.6   351.5   381.3   431.0   581.1  2147.5  4988.0  30055.4    30090  1777033164180  1777033174280
read      248.7   114.2   101.3   155.6   167.7   232.0   264.6   283.8   297.7   315.8   340.0   379.7   494.1  1420.6  3900.1  29962.6    30095  1777033175795  1777033185899
read      263.1   104.7   101.3   162.4   176.1   247.7   283.8   305.7   321.4   341.4   366.7   403.8   495.3   830.5  3417.6  30131.7    30100  1777033187411  1777033197517
read      256.8   117.7   101.3   160.2   172.8   241.2   274.9   295.0   310.2   328.0   351.9   391.7   493.5  1278.9  4868.7  30112.2    30105  1777033199030  1777033209136
read      263.6   102.4   101.3   158.2   172.0   245.7   284.2   308.3   326.2   348.1   376.9   423.3   513.0   768.4  3192.3  30165.3    30110  1777033210651  1777033220754
read      279.1   107.3   101.3   167.5   183.5   264.2   303.2   325.8   343.1   364.3   391.2   432.4   519.6   855.3  4127.4  30116.1    30115  1777033222267  1777033232371
read      281.4   117.2   101.3   166.6   182.1   263.4   305.1   330.0   348.2   370.8   399.6   444.2   540.4   971.7  4205.3  30075.9    30120  1777033233884  1777033243985
read      279.0   115.6    93.8   167.4   182.8   261.7   300.7   324.4   342.7   365.3   394.0   437.3   536.1   963.5  3959.2  30100.9    30125  1777033245498  1777033255602
read      283.0   116.6    93.8   171.7   187.2   266.0   306.1   329.9   347.1   369.3   397.5   439.2   534.8   911.2  4300.2  30069.3    30130  1777033257115  1777033267219
read      275.3   114.8    93.8   170.2   185.1   258.8   295.1   317.4   334.7   355.1   381.5   423.9   515.8  1126.6  4132.7  30125.6    30135  1777033268732  1777033278837
read      279.5   113.0   101.3   164.8   180.7   261.5   302.6   327.8   346.2   369.1   398.0   443.3   541.3  1048.0  3855.3  30151.7    30140  1777033280352  1777033290456
read      279.0   111.1   101.3   168.8   184.3   262.6   301.1   324.1   342.1   364.2   392.5   434.7   528.6  1030.1  3908.8  30239.2    30145  1777033291969  1777033302072
read      274.8   109.6    93.8   167.0   182.2   257.9   295.3   318.0   335.9   357.4   385.7   429.5   527.9  1088.2  3829.0  30044.9    30150  1777033303583  1777033313685
read      272.3   112.8   101.3   167.4   182.4   258.1   294.0   315.3   331.3   350.1   375.2   417.7   507.2   800.7  3744.9  30170.1    30155  1777033315198  1777033325299
read      268.3   101.7    93.8   166.6   181.4   253.1   288.0   309.0   324.8   344.7   371.5   414.1   505.1   805.5  3421.8  30001.3    30160  1777033326811  1777033336916
read      267.3   106.5   101.3   165.2   179.7   251.3   286.5   308.1   324.1   344.7   371.9   415.5   505.6   876.1  3386.1  30044.9    30165  1777033338428  1777033348532
read      279.1   105.8    93.8   172.5   186.9   262.9   301.1   324.2   342.1   363.9   391.6   433.5   524.6   787.6  3527.1  30087.6    30170  1777033350044  1777033360149
read      284.2   120.5    93.8   167.9   184.3   265.7   307.4   333.3   352.8   376.0   404.9   451.4   545.9   936.6  4120.1  30214.1    30175  1777033361663  1777033371767
read      278.4   110.0    93.8   168.5   184.0   261.4   299.7   323.5   341.8   364.2   393.1   436.3   534.0   788.6  4066.5  30169.1    30180  1777033373279  1777033383384
read      268.9   104.8   101.3   166.7   181.3   254.4   290.1   311.3   326.9   345.7   371.3   412.8   501.1   726.4  3754.2  30170.2    30185  1777033384896  1777033394999
read      269.3   113.8   101.3   163.3   177.8   251.7   289.0   312.1   329.6   350.7   379.1   423.8   520.9   930.5  4158.1  30220.0    30190  1777033396512  1777033406621
read      271.0    96.3   101.3   165.6   180.5   256.1   293.0   314.9   331.5   351.5   378.2   421.0   509.1   806.7  2806.8  30193.7    30195  1777033408133  1777033418236
read      277.4   113.4    93.8   161.0   176.1   258.6   302.1   328.2   346.9   370.6   400.1   446.6   542.8   929.0  3573.7  30217.2    30200  1777033419749  1777033429848
read      284.3   118.1    93.8   166.0   182.1   266.1   308.2   333.7   352.8   375.6   405.3   453.0   555.9  1082.2  4277.0  30128.1    30205  1777033431362  1777033441461
read      264.6   105.9    93.8   156.0   170.8   248.6   287.8   311.2   328.8   349.6   377.1   420.4   504.6   754.8  3639.9  30328.7    30210  1777033442975  1777033453078
read      270.4   102.3   101.3   162.4   177.2   255.1   293.5   316.4   333.9   354.5   381.4   423.1   508.4   747.7  3199.4  30152.4    30215  1777033454591  1777033464692
read      283.9   109.4    93.8   163.8   179.8   265.6   310.0   336.9   356.8   380.2   409.9   456.3   548.3   830.8  3311.8  30303.6    30220  1777033466205  1777033476311
read      272.8   118.2   101.3   164.7   179.5   255.2   293.3   316.2   334.1   355.8   384.3   428.2   520.2  1270.9  4354.5  30184.4    30225  1777033477824  1777033487933
read      268.8   110.6   101.3   162.8   177.2   251.8   289.2   312.2   329.8   351.3   379.7   424.0   514.0   911.8  3823.6  30224.3    30230  1777033489445  1777033499548
read      279.5   125.3    93.8   163.3   179.1   259.9   299.7   324.5   343.8   368.3   400.4   450.1   555.3  1251.9  4263.1  30296.8    30235  1777033501062  1777033511163
read      266.8   101.9    93.8   158.9   174.0   250.4   289.0   312.6   330.6   352.2   380.4   423.4   508.3   760.4  3110.2  30112.4    30240  1777033512676  1777033522782
read      274.2   104.1   101.3   165.1   180.1   256.9   295.6   319.4   338.0   360.3   389.3   433.5   531.9   827.0  3033.5  30296.5    30245  1777033524295  1777033534400
read      283.7   118.8   101.3   165.9   181.8   264.7   307.4   333.5   352.9   376.4   405.9   453.2   549.1  1057.0  4121.8  30305.4    30250  1777033535914  1777033546015
read      286.3   111.4    93.8   173.3   189.0   269.7   309.3   333.4   351.6   373.6   402.2   447.9   543.8   894.9  3386.8  30216.4    30255  1777033547527  1777033557627
read      280.7   105.5   101.3   168.1   183.8   263.4   303.4   328.4   346.7   369.9   399.2   444.3   539.0   820.8  2906.7  30267.8    30260  1777033559139  1777033569245
read      274.3   113.3   101.3   164.6   179.9   256.3   294.2   318.1   337.2   360.2   390.2   434.6   533.5   881.3  4057.4  30235.2    30265  1777033570760  1777033580862
read      270.7   102.2   101.3   164.6   179.6   254.1   291.5   314.5   332.3   353.8   382.1   425.7   513.8   794.4  3189.2  30256.9    30270  1777033582374  1777033592475
read      275.3   110.7    93.8   167.3   182.5   258.7   296.1   318.8   336.8   358.6   387.4   430.8   524.4   895.8  3869.4  30362.6    30275  1777033593988  1777033604095
read      287.7   118.9    93.8   170.0   186.6   269.0   310.9   336.9   356.9   380.5   410.2   457.0   555.2   988.8  4164.8  30277.6    30280  1777033605610  1777033615714
read      278.0   108.8   101.3   164.1   180.1   259.6   299.2   324.7   344.1   368.3   398.9   446.6   544.5   803.8  3407.2  30260.6    30285  1777033617228  1777033627337
read      281.9   118.6   101.3   170.3   186.0   264.2   303.8   327.9   345.6   368.5   397.2   441.0   541.3   999.3  4304.6  30270.2    30290  1777033628850  1777033638955
